# Mon May  1 11:52:35 2023
# Output created from within /mnt/d/IS659/finestructure_fit with the following command
# SAM -s ../setup/setup_pUS.json -t ../setup/target.json -m ../sorting/matcher.json -d U1,U2,U3,U4 -i 286.8 
# Setup:              ../setup/setup_pUS.json
# Target:             ../setup/target.json
# Implantation depth: 286.8 nm in target of thickness 475 nm
# Matcher:            ../sorting/matcher.json
# Solid angles of pixels of U1
# 1	2	3	4	5	6	7	8	9	10	11	12	13	14	15	16	
0.00223698	0.00247402	0.0027251	0.0029856	0.00324881	0.00350584	0.00374585	0	0.00412595	0.00424261	0.00429839	0.00428914	0.00421558	0.00408309	0.00390089	0.00368057	# 1
0.00240112	0.00266899	0.00295514	0.00325462	0.00355985	0.00386043	0.0041433	0	0.00459561	0.00473547	0.00480252	0.0047914	0.00470302	0.00454434	0.00432716	0.00406615	# 2
0.00255847	0.00285741	0.00317935	0.00351907	0.00386818	0.00421476	0.00454342	0	0.00507386	0.0052391	0.00531851	0.00530534	0.00520072	0.00501344	0.00475831	0.00445355	# 3
0.0027032	0.00303204	0.00338876	0.00376803	0.00416078	0.00455359	0.00492873	0	0.00553952	0.00573111	0.00582341	0.00580809	0.00568655	0.00546962	0.00517538	0.00482589	# 4
0	0	0	0	0	0	0	0	0	0	0	0	0	0	0	0	# 5
0.00293008	0.00330829	0.00372321	0.00416956	0.00463731	0.0051107	0.00556789	0	0.00632283	0.00656231	0.00667812	0.00665888	0.00650649	0.00623578	0.00587119	0.00544207	# 6
0	0	0	0	0	0	0	0	0	0	0	0	0	0	0	0	# 7
0.00303722	0.00343978	0.00388376	0.004364	0.00487011	0.0053852	0.00588537	0	0.00671689	0.00698211	0.00711061	0.00708924	0.00692023	0.00662066	0.0062186	0.00574746	# 8
0.00303722	0.00343978	0.00388376	0.004364	0.00487011	0.0053852	0.00588537	0	0.00671689	0.0069821	0.0071106	0.00708924	0.00692023	0.00662066	0.0062186	0.00574746	# 9
0.00300079	0.003395	0.00382898	0.00429754	0.00479038	0.00529102	0.00577626	0	0.00658109	0.00683731	0.00696138	0.00694075	0.00677755	0.00648806	0.00609907	0.00564255	# 10
0	0	0	0	0	0	0	0	0	0	0	0	0	0	0	0	# 11
0.0028291	0.00318495	0.00357342	0.00398913	0.00442247	0.00485873	0.00527796	0	0.00596584	0.00618295	0.00628776	0.00627035	0.00613239	0.00588679	0.00555496	0.00516279	# 12
0.0027032	0.00303203	0.00338876	0.00376803	0.00416077	0.00455358	0.00492872	0	0.00553951	0.0057311	0.0058234	0.00580808	0.00568654	0.00546961	0.00517537	0.00482589	# 13
0.00255847	0.00285741	0.00317934	0.00351906	0.00386818	0.00421476	0.00454341	0	0.00507385	0.00523909	0.0053185	0.00530533	0.00520071	0.00501343	0.0047583	0.00445354	# 14
0.00240112	0.00266898	0.00295514	0.00325462	0.00355985	0.00386042	0.00414329	0	0.0045956	0.00473546	0.0048025	0.00479139	0.00470301	0.00454433	0.00432715	0.00406615	# 15
0.00223697	0.00247402	0.0027251	0.00298559	0.0032488	0.00350584	0.00374584	0	0.00412594	0.0042426	0.00429837	0.00428913	0.00421557	0.00408308	0.00390088	0.00368056	# 16
# Solid angles of pixels of U2
# 1	2	3	4	5	6	7	8	9	10	11	12	13	14	15	16	
0	0.00248519	0.00273356	0.00299066	0.00324983	0.00350235	0.00373764	0.00394395	0.00410935	0.00422321	0.00427761	0.00426859	0.00419684	0.00406749	0.00388939	0	# 1
0	0.00267147	0.00295279	0.00324636	0.00354471	0.00383768	0.00411267	0.00435534	0.00455096	0.00468615	0.00475089	0.00474016	0.0046548	0.00450137	0.00429103	0	# 2
0	0.00284942	0.00316386	0.00349451	0.00383311	0.0041681	0.00448474	0.00476591	0.00499374	0.0051518	0.00522768	0.00521509	0.0051151	0.00493589	0.00469124	0	# 3
0	0.00301201	0.0033581	0.00372455	0.00410243	0.00447881	0.00483686	0.00515664	0.005417	0.00559829	0.0056855	0.00567102	0.00555615	0.00535078	0.00507155	0	# 4
0	0.0031518	0.00352617	0.00392488	0.00433846	0.00475282	0.00514917	0.00550493	0.00579579	0.00599895	0.00609687	0.00608061	0.00595168	0.00572171	0.0054101	0	# 5
0	0.0032616	0.00365884	0.00408385	0.00452676	0.00497253	0.00540079	0.00578671	0.00610328	0.00632495	0.00643194	0.00641417	0.00627333	0.00602256	0.00568371	0	# 6
0	0.00333519	0.00374811	0.00419122	0.00465443	0.00512206	0.00557264	0.00597974	0.00631444	0.0065492	0.00666264	0.00664379	0.00649451	0.00622904	0.00587099	0	# 7
0	0.00336815	0.00378817	0.00423953	0.00471199	0.00518963	0.00565045	0.00606731	0.00641037	0.00665118	0.00676759	0.00674825	0.00659507	0.00632281	0.0059559	0	# 8
0	0.00335844	0.00377636	0.00422527	0.004695	0.00516968	0.00562746	0.00604143	0.00638201	0.00662102	0.00673655	0.00671735	0.00656533	0.00629509	0.00593081	0	# 9
0	0.00330665	0.00371346	0.0041495	0.00460478	0.00506385	0.00550569	0.00590448	0.00623206	0.00646167	0.00657258	0.00655415	0.00640819	0.0061485	0.00579798	0	# 10
0	0	0	0	0	0	0	0	0	0	0	0	0	0	0	0	# 11
0	0.00309174	0.00345383	0.00383851	0.00423653	0.00463429	0.00501387	0.00535385	0.00563131	0.00582484	0.00591805	0.00590257	0.00577983	0.00556068	0.0052633	0	# 12
0	0.00294068	0.00327273	0.00362324	0.00398359	0.00434146	0.00468093	0.00498336	0.00522907	0.00539989	0.00548198	0.00546836	0.0053602	0.00516662	0.00490296	0	# 13
0	0.00277022	0.00306972	0.0033836	0.00370394	0.00401981	0.00431745	0.00458102	0.00479409	0.00494166	0.00501242	0.00500069	0.00490741	0.00474002	0.00451109	0	# 14
0	0.00258767	0.00285395	0.00313082	0.00341117	0.0036855	0.00394216	0.00416799	0.00434958	0.00447486	0.00453479	0.00452486	0.00444582	0.00430359	0.0041082	0	# 15
0	0.00239969	0.00263354	0.00287469	0.00311688	0.003352	0.00357036	0.00376124	0.00391391	0.00401881	0.00406887	0.00406058	0.00399452	0.00387531	0.00371082	0	# 16
# Solid angles of pixels of U3
# 1	2	3	4	5	6	7	8	9	10	11	12	13	14	15	16	
0.0022026	0.00242721	0.00266366	0.00290748	0.00315234	0.00339004	0	0.00380374	0.00395807	0.0040641	0.00411471	0.00410633	0.00403956	0.00391905	0.00375277	0.00355086	# 1
0.00235827	0.00261094	0.00287905	0.00315773	0.00343982	0.00371577	0	0.00420089	0.00438342	0.00450931	0.00456954	0.00455956	0.00448013	0.00433719	0.00414079	0.00390362	# 2
0.0025069	0.00278769	0.00308787	0.00340223	0.00372286	0.00403882	0	0.00459969	0.00481248	0.0049598	0.00503043	0.00501872	0.00492562	0.00475849	0.00452984	0.00425519	# 3
0.0026431	0.00295079	0.00328194	0.00363114	0.00398975	0.00434553	0	0.00498281	0.00522646	0.00539575	0.00547708	0.00546359	0.00535642	0.00516455	0.00490305	0.00459052	# 4
0.00276119	0.00309308	0.00345231	0.00383339	0.0042271	0.00461998	0	0.0053293	0.00560234	0.00579265	0.00588425	0.00586905	0.0057484	0.00553286	0.00524013	0.00489183	# 5
0.00285565	0.00320747	0.00359002	0.00399774	0.004421	0.00484536	0	0.00561641	0.00591486	0.0061234	0.00622394	0.00620724	0.00607487	0.00583883	0.00551914	0.00514013	# 6
0.00292166	0.0032877	0.00368699	0.00411395	0.00455865	0.005006	0	0.00582246	0.00613972	0.00636181	0.00646899	0.00645119	0.0063101	0.00605884	0.00571921	0.00531758	# 7
0.00295562	0.00332909	0.00373712	0.00417418	0.00463019	0.00508968	0	0.00593026	0.00625755	0.00648688	0.00659761	0.00657922	0.00643347	0.00617408	0.00582383	0.00541017	# 8
0.00295562	0.00332909	0.00373712	0.00417418	0.00463019	0.00508968	0	0.00593026	0.00625755	0.00648688	0.00659762	0.00657922	0.00643347	0.00617408	0.00582383	0.00541017	# 9
0.00292166	0.00328771	0.00368699	0.00411395	0.00455866	0.005006	0	0.00582247	0.00613972	0.00636181	0.00646899	0.00645119	0.0063101	0.00605884	0.00571922	0.00531758	# 10
0.00285565	0.00320747	0.00359002	0.00399775	0.004421	0.00484537	0	0.00561642	0.00591486	0.00612341	0.00622394	0.00620725	0.00607488	0.00583884	0.00551915	0.00514013	# 11
0.00276119	0.00309308	0.00345232	0.0038334	0.0042271	0.00461999	0	0.00532931	0.00560235	0.00579265	0.00588426	0.00586905	0.0057484	0.00553287	0.00524014	0.00489183	# 12
0.0026431	0.0029508	0.00328194	0.00363114	0.00398976	0.00434554	0	0.00498282	0.00522647	0.00539576	0.00547709	0.0054636	0.00535643	0.00516456	0.00490305	0.00459053	# 13
0.0025069	0.0027877	0.00308787	0.00340224	0.00372287	0.00403883	0	0.0045997	0.00481249	0.00495981	0.00503044	0.00501873	0.00492563	0.0047585	0.00452985	0.0042552	# 14
0.00235828	0.00261095	0.00287906	0.00315774	0.00343983	0.00371578	0	0.0042009	0.00438343	0.00450932	0.00456955	0.00455957	0.00448014	0.0043372	0.0041408	0.00390363	# 15
0.0022026	0.00242721	0.00266367	0.00290749	0.00315234	0.00339005	0	0.00380375	0.00395808	0.00406411	0.00411472	0.00410634	0.00403957	0.00391906	0.00375278	0.00355086	# 16
# Solid angles of pixels of U4
# 1	2	3	4	5	6	7	8	9	10	11	12	13	14	15	16	
0.00217757	0.00239969	0	0.0028747	0.00311689	0	0	0.00376125	0.00391392	0.00401881	0.00406888	0.00406059	0	0.00387531	0.00371083	0.00351109	# 1
0.0023368	0.00258767	0	0.00313082	0.00341117	0	0	0.004168	0.00434959	0.00447487	0.0045348	0.00452487	0	0.0043036	0.00410821	0.00387231	# 2
0.00249023	0.00277022	0	0.0033836	0.00370394	0	0	0.00458103	0.0047941	0.00494167	0.00501244	0.0050007	0	0.00474004	0.0045111	0.00423625	# 3
0.00263246	0.00294069	0	0.00362325	0.0039836	0	0	0.00498338	0.00522909	0.0053999	0.005482	0.00546838	0	0.00516664	0.00490297	0.0045881	# 4
0.00275768	0.00309174	0	0.00383852	0.00423653	0	0	0.00535386	0.00563132	0.00582486	0.00591806	0.00590259	0	0.0055607	0.00526331	0.00490986	# 5
0.00286012	0.00321598	0	0.00401763	0.00444821	0	0	0.00566874	0.00597444	0.00618827	0.00629143	0.00627429	0	0.00589653	0.0055692	0.00518169	# 6
0.00293456	0.00330665	0	0.00414951	0.00460479	0	0	0.0059045	0.00623208	0.00646169	0.0065726	0.00655417	0	0.00614852	0.005798	0.00538425	# 7
0.00297696	0.00335844	0	0.00422528	0.00469501	0	0	0.00604145	0.00638203	0.00662104	0.00673657	0.00671738	0	0.00629511	0.00593082	0.00550155	# 8
0.00298491	0.00336816	0	0.00423954	0.00471201	0	0	0.00606733	0.0064104	0.00665121	0.00676762	0.00674827	0	0.00632283	0.00595592	0.00552369	# 9
0.00295794	0.00333519	0	0.00419123	0.00465444	0	0	0.00597976	0.00631446	0.00654922	0.00666266	0.00664381	0	0.00622906	0.005871	0.00544875	# 10
0.00289761	0.0032616	0	0.00408386	0.00452677	0	0	0.00578673	0.0061033	0.00632497	0.00643197	0.00641419	0	0.00602258	0.00568372	0.00528316	# 11
0.00280727	0.00315181	0	0.00392488	0.00433847	0	0	0.00550494	0.00579581	0.00599897	0.00609689	0.00608063	0	0.00572173	0.00541012	0.00504047	# 12
0.00269169	0.00301201	0	0.00372456	0.00410243	0	0	0.00515666	0.00541702	0.0055983	0.00568551	0.00567104	0	0.0053508	0.00507156	0.00473885	# 13
0.00255644	0.00284942	0	0.00349451	0.00383312	0	0	0.00476592	0.00499375	0.00515182	0.00522769	0.00521511	0	0.0049359	0.00469125	0.00439826	# 14
0.00240738	0.00267147	0	0.00324637	0.00354471	0	0	0.00435535	0.00455097	0.00468616	0.00475091	0.00474017	0	0.00450138	0.00429104	0.00403775	# 15
0	0	0	0	0	0	0	0	0	0	0	0	0	0	0	0	# 16
