# Mon May  1 11:52:53 2023
# Output created from within /mnt/d/IS659/finestructure_fit with the following command
# SAM -s ../setup/setup_mUS.json -t ../setup/target.json -m ../sorting/matcher.json -d U1,U2,U3,U4 -i 286.8 
# Setup:              ../setup/setup_mUS.json
# Target:             ../setup/target.json
# Implantation depth: 286.8 nm in target of thickness 475 nm
# Matcher:            ../sorting/matcher.json
# Solid angles of pixels of U1
# 1	2	3	4	5	6	7	8	9	10	11	12	13	14	15	16	
0.00213363	0.00235376	0.00258683	0.00282889	0.00307422	0.00331522	0.00354254	0	0.00391346	0.00403589	0.00410484	0.0041155	0.00406713	0.00396311	0.00381048	0.0036188	# 1
0.00228108	0.00252811	0.0027917	0.00306766	0.00334958	0.00362868	0.00389388	0	0.00433057	0.00447578	0.00455778	0.00457048	0.00451291	0.00438939	0.00420884	0.00398327	# 2
0.00242153	0.00269541	0.00298982	0.00330036	0.00362004	0.00393886	0.00424395	0	0.00475077	0.00492051	0.00501664	0.00503154	0.00496401	0.00481946	0.00460893	0.00434724	# 3
0.00254995	0.00284945	0.00317352	0.00351771	0.00387447	0.00423272	0.00457776	0	0.00515569	0.00535055	0.00546119	0.00547836	0.00540059	0.00523447	0.00499337	0.00469507	# 4
0	0	0	0	0	0	0	0	0	0	0	0	0	0	0	0	# 5
0.00274985	0.0030912	0.00346433	0.00386483	0.00428444	0.00471032	0.00512473	0	0.00582796	0.00606763	0.00620427	0.00622552	0.00612938	0.0059247	0.0056293	0.00526655	# 6
0	0	0	0	0	0	0	0	0	0	0	0	0	0	0	0	# 7
0.00284366	0.00320547	0.00360284	0.00403146	0.00448281	0.00494322	0.00539339	0	0.00616214	0.00642549	0.00657594	0.00659935	0.00649346	0.00626836	0.00594437	0.00554795	# 8
0.00284366	0.00320547	0.00360284	0.00403146	0.00448281	0.00494321	0.00539339	0	0.00616214	0.00642549	0.00657594	0.00659935	0.00649345	0.00626836	0.00594437	0.00554794	# 9
0.00281181	0.0031666	0.00355566	0.0039746	0.00441501	0.00486349	0.00530128	0	0.00604727	0.00630238	0.00644801	0.00647067	0.00636818	0.00615019	0.00583615	0.00545141	# 10
0	0	0	0	0	0	0	0	0	0	0	0	0	0	0	0	# 11
0.00266109	0.00298355	0.00333447	0.00370936	0.00410028	0.00449516	0.00487764	0	0.00552292	0.00574178	0.00586633	0.00588568	0.00579809	0.00561133	0.0053411	0.00500815	# 12
0.00254995	0.00284944	0.00317352	0.00351771	0.00387447	0.00423272	0.00457776	0	0.00515568	0.00535054	0.00546118	0.00547835	0.00540058	0.00523446	0.00499336	0.00469506	# 13
0.00242153	0.00269541	0.00298981	0.00330036	0.00362003	0.00393886	0.00424394	0	0.00475076	0.0049205	0.00501663	0.00503153	0.004964	0.00481945	0.00460893	0.00434723	# 14
0.00228108	0.00252811	0.0027917	0.00306765	0.00334958	0.00362868	0.00389388	0	0.00433056	0.00447577	0.00455777	0.00457047	0.0045129	0.00438939	0.00420883	0.00398326	# 15
0.00213363	0.00235376	0.00258683	0.00282888	0.00307421	0.00331521	0.00354253	0	0.00391345	0.00403588	0.00410483	0.00411549	0.00406712	0.0039631	0.00381047	0.0036188	# 16
# Solid angles of pixels of U2
# 1	2	3	4	5	6	7	8	9	10	11	12	13	14	15	16	
0	0.00232706	0.00255755	0.00279696	0.00303961	0.00327798	0.00350285	0.00370373	0.00386977	0.00399089	0.0040591	0.00406965	0.00402179	0.00391889	0.0037679	0	# 1
0	0.00250541	0.00276718	0.00304132	0.00332147	0.00359891	0.00386261	0.0040998	0.00429699	0.00444148	0.00452309	0.00453572	0.00447843	0.00435552	0.00417588	0	# 2
0	0.00267818	0.00297187	0.00328186	0.00360117	0.00391985	0.00422498	0.00450127	0.00473227	0.00490229	0.00499859	0.00501352	0.00494587	0.00480107	0.00459026	0	# 3
0	0.00283913	0.00316398	0.00350935	0.00386771	0.00422794	0.00457524	0.00489168	0.00515767	0.00535426	0.00546592	0.00548326	0.00540476	0.00523714	0.004994	0	# 4
0	0.00298144	0.00333499	0.00371324	0.00410825	0.00450785	0.00489545	0.0052506	0.00555057	0.0057731	0.0058998	0.00591949	0.00583037	0.00564043	0.00536583	0	# 5
0	0.00309829	0.00347619	0.00388257	0.00430918	0.004743	0.00516593	0.00555523	0.00588536	0.00613103	0.0062712	0.006293	0.00619437	0.00598449	0.0056819	0	# 6
0	0.00318345	0.00357954	0.00400707	0.00445759	0.00491748	0.00536745	0.00578306	0.00613653	0.00640019	0.00655085	0.00657429	0.00646824	0.00624286	0.00591858	0	# 7
0	0.00323205	0.00363869	0.00407853	0.00454303	0.00501821	0.00548413	0.00591531	0.00628264	0.00655699	0.00671391	0.00673833	0.00662786	0.00639325	0.00605608	0	# 8
0	0.00324116	0.00364979	0.00409197	0.00455911	0.0050372	0.00550616	0.00594029	0.00631027	0.00658666	0.00674477	0.00676939	0.00665807	0.00642169	0.00608206	0	# 9
0	0.00321024	0.00361213	0.00404642	0.00450461	0.00497289	0.00543161	0.00585574	0.00621681	0.00648632	0.0066404	0.00666438	0.00655591	0.00632548	0.00599414	0	# 10
0	0	0	0	0	0	0	0	0	0	0	0	0	0	0	0	# 11
0	0.00303796	0.00340319	0.00379492	0.00420504	0.00462097	0.0050254	0.00539679	0.00571108	0.00594459	0.00607768	0.00609837	0.00600474	0.00580535	0.00551746	0	# 12
0	0.00290636	0.00324463	0.00360535	0.00398077	0.00435928	0.00472526	0.0050596	0.00534128	0.00554982	0.00566841	0.00568683	0.00560344	0.00542554	0.00516788	0	# 13
0	0.002753	0.003061	0.0033872	0.00372435	0.00406196	0.00438625	0.00468074	0.00492757	0.00510959	0.00521282	0.00522884	0.00515629	0.00500119	0.00477576	0	# 14
0	0.00258477	0.002861	0.00315133	0.00344912	0.00374508	0.00402733	0.00428198	0.00449424	0.00465009	0.00473822	0.00475188	0.00468998	0.00455734	0.00436382	0	# 15
0	0.00240823	0.00265274	0.00290766	0.00316702	0.00342274	0.0036648	0.00388171	0.00406147	0.00419287	0.00426696	0.00427843	0.00422643	0.00411473	0.00395113	0	# 16
# Solid angles of pixels of U3
# 1	2	3	4	5	6	7	8	9	10	11	12	13	14	15	16	
0.00216447	0.00239635	0.00264333	0.00290144	0.00316464	0.00342475	0	0.00389302	0.00407692	0.00421151	0.00428746	0.00429922	0.0042459	0.00413145	0.003964	0.00375456	# 1
0.00231964	0.00258096	0.00286168	0.00315758	0.00346196	0.00376533	0	0.00431781	0.00453696	0.00469813	0.00478938	0.00480352	0.00473943	0.0046022	0.00440226	0.00415361	# 2
0.002468	0.00275892	0.00307391	0.00340868	0.0037559	0.00410481	0	0.00474736	0.00500475	0.00519494	0.00530295	0.00531971	0.00524379	0.00508164	0.00484638	0.00455544	# 3
0.00260415	0.00292343	0.00327164	0.00364448	0.00403414	0.00442866	0	0.00516279	0.00545957	0.00567984	0.00580531	0.0058248	0.00573655	0.00554852	0.00527678	0.00494251	# 4
0.00272235	0.00306719	0.0034456	0.00385341	0.00428244	0.00471969	0	0.0055408	0.00587544	0.0061248	0.0062672	0.00628936	0.00618913	0.00597603	0.00566915	0.00529341	# 5
0.00281699	0.00318292	0.00358645	0.00402357	0.00448588	0.00495955	0	0.00585566	0.00622329	0.00649811	0.00665539	0.00667988	0.00656913	0.00633406	0.0059965	0.00558478	# 6
0.00288318	0.00326418	0.00368577	0.0041441	0.00463064	0.00513098	0	0.00608253	0.00647472	0.00676859	0.00693702	0.00696327	0.00684463	0.0065931	0.00623265	0.00579422	# 7
0.00291725	0.00330611	0.00373717	0.00420664	0.00470596	0.00522044	0	0.00620152	0.00660686	0.00691094	0.00708538	0.00711256	0.00698968	0.00672932	0.00635661	0.0059039	# 8
0.00291725	0.00330612	0.00373717	0.00420664	0.00470596	0.00522044	0	0.00620152	0.00660686	0.00691095	0.00708538	0.00711256	0.00698968	0.00672932	0.00635661	0.0059039	# 9
0.00288318	0.00326418	0.00368577	0.0041441	0.00463064	0.00513098	0	0.00608254	0.00647472	0.00676859	0.00693703	0.00696327	0.00684463	0.0065931	0.00623266	0.00579422	# 10
0.00281699	0.00318292	0.00358645	0.00402357	0.00448589	0.00495955	0	0.00585567	0.00622329	0.00649812	0.0066554	0.00667989	0.00656914	0.00633407	0.0059965	0.00558478	# 11
0.00272235	0.00306719	0.0034456	0.00385341	0.00428245	0.0047197	0	0.00554081	0.00587545	0.00612481	0.00626721	0.00628937	0.00618914	0.00597604	0.00566916	0.00529342	# 12
0.00260416	0.00292344	0.00327164	0.00364448	0.00403415	0.00442867	0	0.0051628	0.00545958	0.00567986	0.00580532	0.00582481	0.00573656	0.00554853	0.00527679	0.00494251	# 13
0.00246801	0.00275892	0.00307392	0.00340868	0.00375591	0.00410482	0	0.00474737	0.00500476	0.00519495	0.00530296	0.00531972	0.0052438	0.00508165	0.00484639	0.00455545	# 14
0.00231964	0.00258097	0.00286169	0.00315759	0.00346197	0.00376534	0	0.00431782	0.00453697	0.00469815	0.00478939	0.00480354	0.00473944	0.00460221	0.00440227	0.00415362	# 15
0.00216447	0.00239635	0.00264334	0.00290144	0.00316465	0.00342476	0	0.00389303	0.00407693	0.00421152	0.00428747	0.00429923	0.00424591	0.00413147	0.00396401	0.00375457	# 16
# Solid angles of pixels of U4
# 1	2	3	4	5	6	7	8	9	10	11	12	13	14	15	16	
0.00217815	0.00240823	0	0.00290767	0.00316702	0	0	0.00388172	0.00406148	0.00419288	0.00426697	0.00427844	0	0.00411474	0.00395114	0.00374619	# 1
0.0023269	0.00258477	0	0.00315134	0.00344913	0	0	0.00428199	0.00449425	0.0046501	0.00473824	0.00475189	0	0.00455735	0.00436383	0.0041227	# 2
0.00246758	0.002753	0	0.0033872	0.00372435	0	0	0.00468075	0.00492759	0.00510961	0.00521284	0.00522885	0	0.00500121	0.00477578	0.00449632	# 3
0.00259496	0.00290636	0	0.00360535	0.00398077	0	0	0.00505961	0.00534129	0.00554984	0.00566843	0.00568685	0	0.00542556	0.00516789	0.00485001	# 4
0.00270361	0.00303796	0	0.00379493	0.00420505	0	0	0.00539681	0.0057111	0.00594461	0.0060777	0.00609839	0	0.00580537	0.00551748	0.00516376	# 5
0.0027884	0.00314115	0	0.00394512	0.00438367	0	0	0.00566928	0.00601101	0.00626562	0.006411	0.00643361	0	0.00611372	0.00580035	0.0054166	# 6
0.00284497	0.00321024	0	0.00404643	0.00450462	0	0	0.00585576	0.00621683	0.00648634	0.00664042	0.00666441	0	0.0063255	0.00599416	0.0055893	# 7
0.00287024	0.00324117	0	0.00409197	0.00455912	0	0	0.00594031	0.00631029	0.00658669	0.0067448	0.00676941	0	0.00642172	0.00608208	0.0056675	# 8
0.00286279	0.00323205	0	0.00407854	0.00454304	0	0	0.00591533	0.00628266	0.00655702	0.00671393	0.00673836	0	0.00639327	0.0060561	0.0056444	# 9
0.00282306	0.00318346	0	0.00400708	0.0044576	0	0	0.00578307	0.00613655	0.00640021	0.00655087	0.00657432	0	0.00624288	0.0059186	0.00552202	# 10
0.00275323	0.0030983	0	0.00388258	0.00430919	0	0	0.00555524	0.00588537	0.00613105	0.00627123	0.00629302	0	0.00598451	0.00568192	0.00531086	# 11
0.00265703	0.00298145	0	0.00371325	0.00410826	0	0	0.00525061	0.00555058	0.00577311	0.00589982	0.00591951	0	0.00564045	0.00536584	0.00502785	# 12
0.00253922	0.00283913	0	0.00350935	0.00386771	0	0	0.00489169	0.00515769	0.00535428	0.00546594	0.00548327	0	0.00523716	0.00499401	0.0046934	# 13
0.00240515	0.00267819	0	0.00328187	0.00360118	0	0	0.00450128	0.00473229	0.0049023	0.0049986	0.00501354	0	0.00480108	0.00459027	0.00432834	# 14
0.00226018	0.00250542	0	0.00304132	0.00332148	0	0	0.00409981	0.004297	0.00444149	0.0045231	0.00453574	0	0.00435553	0.00417589	0.00395151	# 15
0	0	0	0	0	0	0	0	0	0	0	0	0	0	0	0	# 16
