# Thu Apr 27 13:30:09 2023
# Output created from within /mnt/d/IS659/finestructure_fit with the following command
# SAM -s ../setup/setup.json -t ../setup/target.json -m ../sorting/matcher.json -d U1,U2,U3,U4 -i 286.8 
# Setup:              ../setup/setup.json
# Target:             ../setup/target.json
# Implantation depth: 286.8 nm in target of thickness 475 nm
# Matcher:            ../sorting/matcher.json
# Solid angles of pixels of U1
# 1	2	3	4	5	6	7	8	9	10	11	12	13	14	15	16	
0.00218458	0.00241299	0.00265488	0.00290597	0.00316009	0.00340901	0.00364267	0	0.0040185	0.00413839	0.00420119	0.00420239	0.00414191	0.00402408	0.00385698	0.0036512	# 1
0.00234011	0.00259731	0.00287191	0.00315935	0.00345267	0.00374232	0.00401627	0	0.00446107	0.00460402	0.0046791	0.00468054	0.00460821	0.0044677	0.00426929	0.00402631	# 2
0.00248872	0.0027748	0.00308259	0.00340732	0.00374133	0.00407372	0.0043904	0	0.00490927	0.00507724	0.00516571	0.0051674	0.00508218	0.00491705	0.00468485	0.00440205	# 3
0.00262501	0.00293874	0.00327864	0.00363983	0.00401405	0.00438911	0.00474888	0	0.00534336	0.00553714	0.00563944	0.0056414	0.00554285	0.00535233	0.00508548	0.00476215	# 4
0	0	0	0	0	0	0	0	0	0	0	0	0	0	0	0	# 5
0.00283787	0.00319703	0.00359032	0.00401293	0.00445576	0.0049046	0.00533978	0	0.00606869	0.0063089	0.00643624	0.00643868	0.006316	0.00607978	0.005751	0.00535593	# 6
0	0	0	0	0	0	0	0	0	0	0	0	0	0	0	0	# 7
0.00293807	0.00331953	0.00373935	0.0041928	0.00467049	0.00515725	0.00563161	0	0.00643135	0.00669631	0.00683703	0.00683974	0.00670414	0.00644357	0.006082	0.00564925	# 8
0.00293807	0.00331953	0.00373935	0.0041928	0.00467049	0.00515725	0.00563161	0	0.00643135	0.0066963	0.00683703	0.00683974	0.00670414	0.00644357	0.006082	0.00564925	# 9
0.00290403	0.00327784	0.00368854	0.00413138	0.00459703	0.00507066	0.00553143	0	0.00630654	0.00656286	0.00669891	0.00670153	0.00657044	0.00631836	0.00596821	0.00554856	# 10
0	0	0	0	0	0	0	0	0	0	0	0	0	0	0	0	# 11
0.00274324	0.00308187	0.00345094	0.00384556	0.00425699	0.00467192	0.0050723	0	0.00573887	0.00595746	0.00607312	0.00607534	0.0059639	0.00574897	0.00544897	0.00508712	# 12
0.002625	0.00293873	0.00327863	0.00363982	0.00401404	0.0043891	0.00474887	0	0.00534335	0.00553713	0.00563943	0.00564139	0.00554284	0.00535232	0.00508547	0.00476215	# 13
0.00248872	0.00277479	0.00308258	0.00340731	0.00374132	0.00407371	0.00439039	0	0.00490926	0.00507723	0.0051657	0.00516739	0.00508217	0.00491704	0.00468484	0.00440204	# 14
0.00234011	0.0025973	0.0028719	0.00315934	0.00345266	0.00374231	0.00401626	0	0.00446106	0.00460401	0.00467909	0.00468053	0.0046082	0.00446769	0.00426928	0.0040263	# 15
0.00218457	0.00241298	0.00265487	0.00290597	0.00316009	0.00340901	0.00364266	0	0.00401849	0.00413838	0.00420118	0.00420238	0.0041419	0.00402407	0.00385698	0.00365119	# 16
# Solid angles of pixels of U2
# 1	2	3	4	5	6	7	8	9	10	11	12	13	14	15	16	
0	0.0024049	0.00264422	0.00289239	0.00314326	0.00338874	0.00361894	0.00382274	0.00398875	0.00410661	0.00416833	0.00416951	0.00411007	0.00399424	0.00382989	0	# 1
0	0.00258729	0.00285874	0.00314253	0.00343177	0.00371705	0.00398656	0.00422677	0.00442354	0.00456383	0.00463748	0.00463889	0.00456794	0.00443006	0.00423523	0	# 2
0	0.00276278	0.00306678	0.00338707	0.00371607	0.00404304	0.00435417	0.00463326	0.00486313	0.00502769	0.00511432	0.00511597	0.00503253	0.00487076	0.00464312	0	# 3
0	0.00292475	0.0032602	0.00361614	0.00398437	0.0043529	0.00470591	0.00502447	0.0052882	0.00547773	0.00557774	0.00557966	0.00548331	0.00529697	0.00503576	0	# 4
0	0.00306607	0.00343007	0.00381866	0.00422315	0.00463044	0.00502286	0.00537887	0.00567492	0.00588842	0.00600132	0.00600349	0.00589471	0.00568479	0.00539151	0	# 5
0	0.0031797	0.00356739	0.00398328	0.00441834	0.00485856	0.00528469	0.00567294	0.00599699	0.00623134	0.00635549	0.00635788	0.00623826	0.00600782	0.00568677	0	# 6
0	0.00325942	0.00366411	0.00409972	0.00455698	0.00502125	0.00547216	0.00588422	0.00622904	0.0064789	0.00661144	0.00661398	0.00648628	0.00624057	0.00589891	0	# 7
0	0.00330053	0.00371413	0.00416008	0.00462904	0.00510603	0.00557009	0.00599483	0.00635073	0.00660889	0.00674593	0.00674856	0.00661653	0.00636264	0.00600998	0	# 8
0	0.00330053	0.00371413	0.00416008	0.00462904	0.00510603	0.00557008	0.00599483	0.00635073	0.00660889	0.00674592	0.00674855	0.00661653	0.00636264	0.00600998	0	# 9
0	0.00325941	0.00366411	0.00409972	0.00455697	0.00502125	0.00547215	0.00588422	0.00622903	0.0064789	0.00661143	0.00661398	0.00648628	0.00624057	0.00589891	0	# 10
0	0	0	0	0	0	0	0	0	0	0	0	0	0	0	0	# 11
0	0.00306607	0.00343006	0.00381865	0.00422315	0.00463044	0.00502285	0.00537886	0.00567491	0.00588841	0.00600131	0.00600348	0.0058947	0.00568478	0.00539151	0	# 12
0	0.00292474	0.0032602	0.00361614	0.00398437	0.00435289	0.0047059	0.00502446	0.00528819	0.00547772	0.00557773	0.00557965	0.0054833	0.00529696	0.00503575	0	# 13
0	0.00276278	0.00306677	0.00338707	0.00371607	0.00404304	0.00435416	0.00463325	0.00486312	0.00502768	0.00511431	0.00511596	0.00503252	0.00487075	0.00464311	0	# 14
0	0.00258729	0.00285873	0.00314252	0.00343177	0.00371704	0.00398656	0.00422676	0.00442353	0.00456382	0.00463747	0.00463888	0.00456793	0.00443005	0.00423522	0	# 15
0	0.0024049	0.00264422	0.00289238	0.00314326	0.00338874	0.00361893	0.00382273	0.00398875	0.0041066	0.00416832	0.0041695	0.00411006	0.00399423	0.00382988	0	# 16
# Solid angles of pixels of U3
# 1	2	3	4	5	6	7	8	9	10	11	12	13	14	15	16	
0.00218457	0.00241298	0.00265487	0.00290597	0.00316008	0.003409	0	0.0038497	0.00401848	0.00413837	0.00420117	0.00420237	0.00414189	0.00402406	0.00385697	0.00365118	# 1
0.00234011	0.0025973	0.0028719	0.00315934	0.00345266	0.00374231	0	0.00426066	0.00446105	0.004604	0.00467908	0.00468052	0.00460819	0.00446768	0.00426927	0.00402629	# 2
0.00248872	0.00277479	0.00308258	0.00340731	0.00374132	0.0040737	0	0.00467478	0.00490924	0.00507722	0.00516568	0.00516738	0.00508216	0.00491703	0.00468483	0.00440203	# 3
0.002625	0.00293873	0.00327863	0.00363982	0.00401403	0.00438909	0	0.00507393	0.00534334	0.00553711	0.00563942	0.00564138	0.00554282	0.00535231	0.00508546	0.00476214	# 4
0.00274324	0.00308186	0.00345093	0.00384555	0.00425698	0.00467191	0	0.00543602	0.00573885	0.00595744	0.0060731	0.00607532	0.00596389	0.00574896	0.00544895	0.00508711	# 5
0.00283787	0.00319702	0.00359032	0.00401292	0.00445575	0.00490458	0	0.00573684	0.00606867	0.00630888	0.00643621	0.00643865	0.00631597	0.00607976	0.00575098	0.0053559	# 6
0.00290402	0.00327783	0.00368854	0.00413137	0.00459702	0.00507065	0	0.00595315	0.00630651	0.00656284	0.00669889	0.0067015	0.00657041	0.00631834	0.00596819	0.00554854	# 7
0.00293807	0.00331953	0.00373934	0.00419279	0.00467048	0.00515723	0	0.00606645	0.00643133	0.00669628	0.00683701	0.00683971	0.00670412	0.00644355	0.00608198	0.00564923	# 8
0.00293807	0.00331953	0.00373934	0.00419279	0.00467048	0.00515723	0	0.00606646	0.00643133	0.00669628	0.00683701	0.00683971	0.00670412	0.00644355	0.00608198	0.00564924	# 9
0.00290402	0.00327784	0.00368854	0.00413137	0.00459702	0.00507065	0	0.00595315	0.00630652	0.00656284	0.00669889	0.00670151	0.00657042	0.00631834	0.0059682	0.00554854	# 10
0.00283787	0.00319702	0.00359032	0.00401292	0.00445575	0.00490459	0	0.00573684	0.00606867	0.00630888	0.00643622	0.00643866	0.00631598	0.00607976	0.00575099	0.00535591	# 11
0.00274324	0.00308187	0.00345093	0.00384556	0.00425699	0.00467192	0	0.00543603	0.00573886	0.00595745	0.00607311	0.00607532	0.00596389	0.00574896	0.00544896	0.00508712	# 12
0.002625	0.00293873	0.00327863	0.00363982	0.00401404	0.0043891	0	0.00507394	0.00534335	0.00553712	0.00563943	0.00564139	0.00554283	0.00535232	0.00508547	0.00476214	# 13
0.00248872	0.00277479	0.00308258	0.00340731	0.00374132	0.00407371	0	0.00467479	0.00490925	0.00507723	0.00516569	0.00516739	0.00508217	0.00491704	0.00468484	0.00440204	# 14
0.00234011	0.0025973	0.0028719	0.00315934	0.00345267	0.00374231	0	0.00426067	0.00446106	0.00460401	0.00467909	0.00468053	0.0046082	0.00446769	0.00426928	0.0040263	# 15
0.00218457	0.00241299	0.00265487	0.00290597	0.00316009	0.00340901	0	0.0038497	0.00401849	0.00413838	0.00420118	0.00420238	0.0041419	0.00402407	0.00385698	0.00365119	# 16
# Solid angles of pixels of U4
# 1	2	3	4	5	6	7	8	9	10	11	12	13	14	15	16	
0.00217866	0.0024049	0	0.00289239	0.00314326	0	0	0.00382273	0.00398875	0.00410661	0.00416833	0.0041695	0	0.00399424	0.00382989	0.00362734	# 1
0.00233274	0.00258729	0	0.00314253	0.00343177	0	0	0.00422677	0.00442354	0.00456383	0.00463748	0.00463889	0	0.00443006	0.00423523	0.00399644	# 2
0.00247986	0.00276278	0	0.00338707	0.00371608	0	0	0.00463326	0.00486313	0.0050277	0.00511432	0.00511598	0	0.00487076	0.00464312	0.00436561	# 3
0.00261468	0.00292475	0	0.00361614	0.00398438	0	0	0.00502448	0.0052882	0.00547774	0.00557775	0.00557967	0	0.00529698	0.00503576	0.00471893	# 4
0.00273159	0.00306607	0	0.00381866	0.00422315	0	0	0.00537887	0.00567493	0.00588843	0.00600133	0.0060035	0	0.0056848	0.00539152	0.00503738	# 5
0.00282511	0.0031797	0	0.00398329	0.00441834	0	0	0.00567296	0.00599701	0.00623136	0.00635551	0.00635789	0	0.00600783	0.00568678	0.0053005	# 6
0.00289047	0.00325942	0	0.00409973	0.00455698	0	0	0.00588424	0.00622905	0.00647892	0.00661146	0.006614	0	0.00624059	0.00589893	0.00548891	# 7
0.0029241	0.00330054	0	0.00416009	0.00462905	0	0	0.00599485	0.00635075	0.00660892	0.00674595	0.00674858	0	0.00636266	0.00601	0.00558735	# 8
0.0029241	0.00330054	0	0.00416009	0.00462905	0	0	0.00599485	0.00635075	0.00660892	0.00674595	0.00674858	0	0.00636266	0.00601	0.00558735	# 9
0.00289047	0.00325942	0	0.00409973	0.00455699	0	0	0.00588424	0.00622906	0.00647892	0.00661146	0.00661401	0	0.00624059	0.00589893	0.00548892	# 10
0.00282512	0.00317971	0	0.00398329	0.00441835	0	0	0.00567296	0.00599701	0.00623136	0.00635552	0.0063579	0	0.00600784	0.00568678	0.0053005	# 11
0.00273159	0.00306607	0	0.00381866	0.00422316	0	0	0.00537888	0.00567493	0.00588844	0.00600134	0.00600351	0	0.00568481	0.00539153	0.00503739	# 12
0.00261469	0.00292475	0	0.00361615	0.00398438	0	0	0.00502448	0.00528821	0.00547775	0.00557776	0.00557968	0	0.00529699	0.00503577	0.00471894	# 13
0.00247986	0.00276278	0	0.00338708	0.00371608	0	0	0.00463327	0.00486314	0.00502771	0.00511433	0.00511599	0	0.00487077	0.00464313	0.00436561	# 14
0.00233274	0.00258729	0	0.00314253	0.00343178	0	0	0.00422678	0.00442355	0.00456384	0.00463749	0.0046389	0	0.00443007	0.00423524	0.00399644	# 15
0	0	0	0	0	0	0	0	0	0	0	0	0	0	0	0	# 16
